SetupTitle, Gummal Plot
PrimitiveTest, I/V Sweep
TestParameter, Context.MainFrame, B1500A
TestParameter, Channel.UnitType, SMU, SMU, SMU
TestParameter, Channel.Unit, SMU1:MP, SMU3:MP, SMU4:MP
TestParameter, Channel.IName, IB, IC, IT
TestParameter, Channel.VName, VB, VC, VT
TestParameter, Channel.Mode, V, V, I
TestParameter, Channel.Func, VAR1, VAR1', CONST
TestParameter, Channel.Index, 
TestParameter, Channel.Time, 
TestParameter, Measurement.Port.Unit, SMU1:MP, SMU3:MP, SMU4:MP
TestParameter, Measurement.Port.SeriesResistor, NONE, NONE, NONE
TestParameter, Measurement.Port.Filter, ON, ON, ON
TestParameter, Measurement.Primary.Locus, Double
TestParameter, Measurement.Primary.Scale, LINEAR
TestParameter, Measurement.Primary.Start, 0.48
TestParameter, Measurement.Primary.Stop, 0.82
TestParameter, Measurement.Primary.Step, 0.0021000000000000003
TestParameter, Measurement.Primary.Compliance, 3E-05
TestParameter, Measurement.Primary.PowerCompliance, 0
TestParameter, Measurement.Synchronous.Offset, 0
TestParameter, Measurement.Synchronous.Ratio, 1
TestParameter, Measurement.Synchronous.Compliance, 0.04
TestParameter, Measurement.Synchronous.PowerCompliance, 0
TestParameter, Measurement.Aborting.Condition, CONTINUE AT ANY
TestParameter, Measurement.PostOutput.Value, START
TestParameter, Measurement.PostOutput.Retention, OFF
TestParameter, Measurement.Bias.Source, 0.48, 0.48, 0.001
TestParameter, Measurement.Bias.Compliance, 3E-05, 0.04, 0.2
TestParameter, Measurement.Monitor.Unit, SMU1:MP, SMU3:MP, SMU4:MP
TestParameter, Measurement.Monitor.Adc, HR ADC, HR ADC, HR ADC
TestParameter, Measurement.Monitor.RangingMode, LIMITED, LIMITED, AUTO
TestParameter, Measurement.Monitor.RangeBoundary, 1nA, 1uA, 
TestParameter, Measurement.Monitor.RangeRating, BY FULL RANGE, BY FULL RANGE
TestParameter, Measurement.Monitor.RangeRatingCoeff, 50, 50
TestParameter, Measurement.Timing.Hold, 1
TestParameter, Measurement.Timing.Delay, 0.01
TestParameter, Measurement.Adc.HighSpeed.Mode, MANUAL
TestParameter, Measurement.Adc.HighSpeed.Coeff, 1
TestParameter, Measurement.Adc.HighResolution.AutoZero, ON
TestParameter, Measurement.Adc.HighResolution.Mode, MANUAL
TestParameter, Measurement.Adc.HighResolution.Coeff, 127
TestParameter, Measurement.WaitTime.Source.Coeff, 2
TestParameter, Measurement.WaitTime.Source.Offset, 0
TestParameter, Measurement.WaitTime.Monitor.Coeff, 2
TestParameter, Measurement.WaitTime.Monitor.Offset, 0
TestParameter, Function.User.Name, beta, Rpt100
TestParameter, Function.User.Unit, , ohm
TestParameter, Function.User.Definition, IC/IB, VT/IT
TestParameter, Output.Graph.Enabled, true
TestParameter, Output.Graph.XAxis.Data, VB
TestParameter, Output.Graph.XAxis.Scale, Linear
TestParameter, Output.Graph.XAxis.Left, 0.48
TestParameter, Output.Graph.XAxis.Right, 0.82
TestParameter, Output.Graph.YAxis.Data, IC, beta, IB, Rpt100
TestParameter, Output.Graph.YAxis.Scale, Log, Log, Log, Linear
TestParameter, Output.Graph.YAxis.Bottom, 1E-09, 10, 1E-09, 100
TestParameter, Output.Graph.YAxis.Top, 0.01, 1000, 0.01, 120
TestParameter, Output.Graph.YAxis.Group, , , , 
TestParameter, AutoAnalysis.Interpolation, false
TestParameter, AutoAnalysis.Line1.Enabled, false
TestParameter, AutoAnalysis.Line1.Type, 1
TestParameter, AutoAnalysis.Line1.Fix, True
TestParameter, AutoAnalysis.Line1.YAxis, 0
TestParameter, AutoAnalysis.Line1.Point1.Type, 0
TestParameter, AutoAnalysis.Line1.Point1.XY.X, 
TestParameter, AutoAnalysis.Line1.Point1.XY.Y, 
TestParameter, AutoAnalysis.Line1.Point1.Data.Var, 
TestParameter, AutoAnalysis.Line1.Point1.Data.Condition, 
TestParameter, AutoAnalysis.Line1.Point1.Data.Start, false
TestParameter, AutoAnalysis.Line1.Point1.Data.StartVar, 
TestParameter, AutoAnalysis.Line1.Point1.Data.StartCondition, 
TestParameter, AutoAnalysis.Line1.Point2.Type, 0
TestParameter, AutoAnalysis.Line1.Point2.XY.X, 
TestParameter, AutoAnalysis.Line1.Point2.XY.Y, 
TestParameter, AutoAnalysis.Line1.Point2.Data.Var, 
TestParameter, AutoAnalysis.Line1.Point2.Data.Condition, 
TestParameter, AutoAnalysis.Line1.Point2.Data.Start, false
TestParameter, AutoAnalysis.Line1.Point2.Data.StartVar, 
TestParameter, AutoAnalysis.Line1.Point2.Data.StartCondition, 
TestParameter, AutoAnalysis.Line1.GradientExpr, 0
TestParameter, AutoAnalysis.Line2.Enabled, false
TestParameter, AutoAnalysis.Line2.Type, 1
TestParameter, AutoAnalysis.Line2.Fix, True
TestParameter, AutoAnalysis.Line2.YAxis, 0
TestParameter, AutoAnalysis.Line2.Point1.Type, 0
TestParameter, AutoAnalysis.Line2.Point1.XY.X, 
TestParameter, AutoAnalysis.Line2.Point1.XY.Y, 
TestParameter, AutoAnalysis.Line2.Point1.Data.Var, 
TestParameter, AutoAnalysis.Line2.Point1.Data.Condition, 
TestParameter, AutoAnalysis.Line2.Point1.Data.Start, false
TestParameter, AutoAnalysis.Line2.Point1.Data.StartVar, 
TestParameter, AutoAnalysis.Line2.Point1.Data.StartCondition, 
TestParameter, AutoAnalysis.Line2.Point2.Type, 0
TestParameter, AutoAnalysis.Line2.Point2.XY.X, 
TestParameter, AutoAnalysis.Line2.Point2.XY.Y, 
TestParameter, AutoAnalysis.Line2.Point2.Data.Var, 
TestParameter, AutoAnalysis.Line2.Point2.Data.Condition, 
TestParameter, AutoAnalysis.Line2.Point2.Data.Start, false
TestParameter, AutoAnalysis.Line2.Point2.Data.StartVar, 
TestParameter, AutoAnalysis.Line2.Point2.Data.StartCondition, 
TestParameter, AutoAnalysis.Line2.GradientExpr, 0
TestParameter, AutoAnalysis.Marker.Enabled, false
TestParameter, AutoAnalysis.Marker.Data.Var, 
TestParameter, AutoAnalysis.Marker.Data.Condition, 
TestParameter, AutoAnalysis.Marker.Data.Start, false
TestParameter, AutoAnalysis.Marker.Data.StartVar, 
TestParameter, AutoAnalysis.Marker.Data.StartCondition, 
MetaData, TestRecord.EntryPoint, true
MetaData, TestRecord.RecordTime, 07/11/2025 15:50:36
MetaData, TestRecord.TestTarget, 
MetaData, TestRecord.IterationIndex, 6
MetaData, TestRecord.Preservation, true
MetaData, TestRecord.Flag, 
MetaData, TestRecord.Remarks, 
MetaData, TestRecord.LinkKey, 93a86454-0213-4860-9bbe-d59d86a6f017
AnalysisSetup, Analysis.Setup.Vector.Graph.Enabled, true
AnalysisSetup, Analysis.Setup.Vector.Graph.ActiveYAxis, 0
AnalysisSetup, Analysis.Setup.Vector.Graph.LeftYAxis, 0
AnalysisSetup, Analysis.Setup.Vector.Graph.RightYAxis, 1
AnalysisSetup, Analysis.Setup.Vector.Graph.XAxis.Name, VB
AnalysisSetup, Analysis.Setup.Vector.Graph.XAxis.GroupName, 
AnalysisSetup, Analysis.Setup.Vector.Graph.XAxis.Unit, V
AnalysisSetup, Analysis.Setup.Vector.Graph.XAxis.Scale, Linear
AnalysisSetup, Analysis.Setup.Vector.Graph.XAxis.Left, 0.48
AnalysisSetup, Analysis.Setup.Vector.Graph.XAxis.Right, 0.82
AnalysisSetup, Analysis.Setup.Vector.Graph.YAxis.Name, IC, beta, IB, Rpt100
AnalysisSetup, Analysis.Setup.Vector.Graph.YAxis.GroupName, , , , 
AnalysisSetup, Analysis.Setup.Vector.Graph.YAxis.Unit, A, , A, ohm
AnalysisSetup, Analysis.Setup.Vector.Graph.YAxis.Scale, Log, Log, Log, Linear
AnalysisSetup, Analysis.Setup.Vector.Graph.YAxis.Bottom, 1E-09, 10, 1E-09, 100
AnalysisSetup, Analysis.Setup.Vector.Graph.YAxis.Top, 0.01, 1000, 0.01, 120
AnalysisSetup, Analysis.Setup.Vector.Graph.Operation.Marker.Enabled, false
AnalysisSetup, Analysis.Setup.Vector.Graph.Operation.Marker.Interpolation, false
AnalysisSetup, Analysis.Setup.Vector.Graph.Operation.Marker.Index, 0
AnalysisSetup, Analysis.Setup.Vector.Graph.Operation.Marker.Step, 0
AnalysisSetup, Analysis.Setup.Vector.Graph.Operation.Cursor.Enabled, false
AnalysisSetup, Analysis.Setup.Vector.Graph.Operation.Cursor.Active, true
AnalysisSetup, Analysis.Setup.Vector.Graph.Operation.Cursor.NormalX, 0.49999999999999983
AnalysisSetup, Analysis.Setup.Vector.Graph.Operation.Cursor.NormalY, 0.5
AnalysisSetup, Analysis.Setup.Vector.Graph.Operation.Line1.Enabled, false
AnalysisSetup, Analysis.Setup.Vector.Graph.Operation.Line1.Active, false
AnalysisSetup, Analysis.Setup.Vector.Graph.Operation.Line1.Fix, false
AnalysisSetup, Analysis.Setup.Vector.Graph.Operation.Line1.Type, 1
AnalysisSetup, Analysis.Setup.Vector.Graph.Operation.Line1.YAxisIndex, 0
AnalysisSetup, Analysis.Setup.Vector.Graph.Operation.Line1.LastIndex, -1
AnalysisSetup, Analysis.Setup.Vector.Graph.Operation.Line1.LastStep, -1
AnalysisSetup, Analysis.Setup.Vector.Graph.Operation.Line1.Cursor1.Enabled, false
AnalysisSetup, Analysis.Setup.Vector.Graph.Operation.Line1.Cursor1.Active, false
AnalysisSetup, Analysis.Setup.Vector.Graph.Operation.Line1.Cursor1.NormalX, 0.49999999999999983
AnalysisSetup, Analysis.Setup.Vector.Graph.Operation.Line1.Cursor1.NormalY, 0.5
AnalysisSetup, Analysis.Setup.Vector.Graph.Operation.Line1.Cursor2.Enabled, false
AnalysisSetup, Analysis.Setup.Vector.Graph.Operation.Line1.Cursor2.Active, false
AnalysisSetup, Analysis.Setup.Vector.Graph.Operation.Line1.Cursor2.NormalX, 0.49999999999999983
AnalysisSetup, Analysis.Setup.Vector.Graph.Operation.Line1.Cursor2.NormalY, 0.5
AnalysisSetup, Analysis.Setup.Vector.Graph.Operation.Line1.Gradient, 
AnalysisSetup, Analysis.Setup.Vector.Graph.Operation.Line2.Enabled, false
AnalysisSetup, Analysis.Setup.Vector.Graph.Operation.Line2.Active, false
AnalysisSetup, Analysis.Setup.Vector.Graph.Operation.Line2.Fix, false
AnalysisSetup, Analysis.Setup.Vector.Graph.Operation.Line2.Type, 1
AnalysisSetup, Analysis.Setup.Vector.Graph.Operation.Line2.YAxisIndex, 0
AnalysisSetup, Analysis.Setup.Vector.Graph.Operation.Line2.LastIndex, -1
AnalysisSetup, Analysis.Setup.Vector.Graph.Operation.Line2.LastStep, -1
AnalysisSetup, Analysis.Setup.Vector.Graph.Operation.Line2.Cursor1.Enabled, false
AnalysisSetup, Analysis.Setup.Vector.Graph.Operation.Line2.Cursor1.Active, false
AnalysisSetup, Analysis.Setup.Vector.Graph.Operation.Line2.Cursor1.NormalX, 0.49999999999999983
AnalysisSetup, Analysis.Setup.Vector.Graph.Operation.Line2.Cursor1.NormalY, 0.5
AnalysisSetup, Analysis.Setup.Vector.Graph.Operation.Line2.Cursor2.Enabled, false
AnalysisSetup, Analysis.Setup.Vector.Graph.Operation.Line2.Cursor2.Active, false
AnalysisSetup, Analysis.Setup.Vector.Graph.Operation.Line2.Cursor2.NormalX, 0.49999999999999983
AnalysisSetup, Analysis.Setup.Vector.Graph.Operation.Line2.Cursor2.NormalY, 0.5
AnalysisSetup, Analysis.Setup.Vector.Graph.Operation.Line2.Gradient, 
AnalysisSetup, Analysis.Setup.Vector.Graph.Preference.BackgroundColor, -1
AnalysisSetup, Analysis.Setup.Vector.Graph.Preference.TextColor, -16777216
AnalysisSetup, Analysis.Setup.Vector.Graph.Preference.GridColor, -3618616
AnalysisSetup, Analysis.Setup.Vector.Graph.Preference.LineColor, -65336
AnalysisSetup, Analysis.Setup.Vector.Graph.Preference.Plots.Y1.Visible, true
AnalysisSetup, Analysis.Setup.Vector.Graph.Preference.Plots.Y1.PlotColor, -16777036
AnalysisSetup, Analysis.Setup.Vector.Graph.Preference.Plots.Y1.Thickness, 1
AnalysisSetup, Analysis.Setup.Vector.Graph.Preference.Plots.Y2.Visible, true
AnalysisSetup, Analysis.Setup.Vector.Graph.Preference.Plots.Y2.PlotColor, -39936
AnalysisSetup, Analysis.Setup.Vector.Graph.Preference.Plots.Y2.Thickness, 1
AnalysisSetup, Analysis.Setup.Vector.Graph.Preference.Plots.Y3.Visible, true
AnalysisSetup, Analysis.Setup.Vector.Graph.Preference.Plots.Y3.PlotColor, -16731136
AnalysisSetup, Analysis.Setup.Vector.Graph.Preference.Plots.Y3.Thickness, 1
AnalysisSetup, Analysis.Setup.Vector.Graph.Preference.Plots.Y4.Visible, true
AnalysisSetup, Analysis.Setup.Vector.Graph.Preference.Plots.Y4.PlotColor, -8892376
AnalysisSetup, Analysis.Setup.Vector.Graph.Preference.Plots.Y4.Thickness, 1
AnalysisSetup, Analysis.Setup.Vector.Graph.Preference.Plots.Y5.Visible, true
AnalysisSetup, Analysis.Setup.Vector.Graph.Preference.Plots.Y5.PlotColor, -65536
AnalysisSetup, Analysis.Setup.Vector.Graph.Preference.Plots.Y5.Thickness, 1
AnalysisSetup, Analysis.Setup.Vector.Graph.Preference.Plots.Y6.Visible, true
AnalysisSetup, Analysis.Setup.Vector.Graph.Preference.Plots.Y6.PlotColor, -14336
AnalysisSetup, Analysis.Setup.Vector.Graph.Preference.Plots.Y6.Thickness, 1
AnalysisSetup, Analysis.Setup.Vector.Graph.Preference.Plots.Y7.Visible, true
AnalysisSetup, Analysis.Setup.Vector.Graph.Preference.Plots.Y7.PlotColor, -6946586
AnalysisSetup, Analysis.Setup.Vector.Graph.Preference.Plots.Y7.Thickness, 1
AnalysisSetup, Analysis.Setup.Vector.Graph.Preference.Plots.Y8.Visible, true
AnalysisSetup, Analysis.Setup.Vector.Graph.Preference.Plots.Y8.PlotColor, -16733546
AnalysisSetup, Analysis.Setup.Vector.Graph.Preference.Plots.Y8.Thickness, 1
AnalysisSetup, Analysis.Setup.Vector.Graph.Preference.Text.AxisTitle.FontName, Tahoma
AnalysisSetup, Analysis.Setup.Vector.Graph.Preference.Text.AxisTitle.RelativeSize, Medium
AnalysisSetup, Analysis.Setup.Vector.Graph.Preference.Text.AxisTitle.Size, 7
AnalysisSetup, Analysis.Setup.Vector.Graph.Preference.Text.ScaleText.FontName, Tahoma
AnalysisSetup, Analysis.Setup.Vector.Graph.Preference.Text.ScaleText.RelativeSize, Medium
AnalysisSetup, Analysis.Setup.Vector.Graph.Preference.Text.ScaleText.Size, 7
AnalysisSetup, Analysis.Setup.Vector.Graph.Preference.Text.Legend.FontName, Tahoma
AnalysisSetup, Analysis.Setup.Vector.Graph.Preference.Text.Legend.RelativeSize, Medium
AnalysisSetup, Analysis.Setup.Vector.Graph.Preference.Text.Legend.Size, 7
AnalysisSetup, Analysis.Setup.Vector.Graph.Preference.Scale.LogTickedDecadeCount, 6
AnalysisSetup, Analysis.Setup.Vector.Graph.Preference.GridVisible, true
AnalysisSetup, Analysis.Setup.Preference.GraphVisible, true
AnalysisSetup, Analysis.Setup.Preference.ListVisible, true
AnalysisSetup, Analysis.Setup.Preference.ScalarVisible, true
AnalysisSetup, Analysis.Setup.Title, Gummal Plot
Dimension1, 326, 326, 326, 326, 326, 326, 326
Dimension2, 1, 1, 1, 1, 1, 1, 1
DataName, VB, IT, IB, IC, VT, beta, Rpt100
DataValue, 0.48, 0.001, 2.96971E-10, 1.42111E-07, 0.11193750000000001, 478.53494112219704, 111.9375
DataValue, 0.4821, 0.001, 3.16574E-10, 1.55768E-07, 0.11193800000000001, 492.042934669303, 111.938
DataValue, 0.48419999999999996, 0.001, 3.37801E-10, 1.6891099999999997E-07, 0.11193249999999999, 500.03108338933305, 111.93249999999999
DataValue, 0.48630000000000007, 0.001, 3.62438E-10, 1.82695E-07, 0.11193750000000001, 504.07242066229304, 111.9375
DataValue, 0.48840000000000006, 0.001, 3.88684E-10, 1.9792E-07, 0.111935, 509.205421370574, 111.935
DataValue, 0.49050000000000005, 0.001, 4.16458E-10, 2.1457299999999997E-07, 0.11193700000000001, 515.23322880098294, 111.937
DataValue, 0.49260000000000004, 0.001, 4.44992E-10, 2.3229E-07, 0.11193700000000001, 522.009384438372, 111.937
DataValue, 0.49470000000000003, 0.001, 4.7817800000000008E-10, 2.5158E-07, 0.1119405, 526.12207169715, 111.9405
DataValue, 0.4968, 0.001, 5.1287399999999994E-10, 2.72683E-07, 0.11194100000000001, 531.676396151882, 111.941
DataValue, 0.4989, 0.001, 5.48015E-10, 2.95338E-07, 0.11193750000000001, 538.923204656807, 111.9375
DataValue, 0.501, 0.001, 5.8890399999999993E-10, 3.20145E-07, 0.1119395, 543.628503117656, 111.9395
DataValue, 0.5031, 0.001, 6.32339E-10, 3.4662099999999994E-07, 0.111943, 548.15692215725994, 111.943
DataValue, 0.5052, 0.001, 6.77861E-10, 3.75289E-07, 0.11193700000000001, 553.63710259182892, 111.937
DataValue, 0.50730000000000008, 0.001, 7.2742000000000006E-10, 4.0690400000000003E-07, 0.111935, 559.379725605565, 111.935
DataValue, 0.50940000000000007, 0.001, 7.80691E-10, 4.40942E-07, 0.11194150000000001, 564.80989277447793, 111.9415
DataValue, 0.51150000000000007, 0.001, 8.38029E-10, 4.7733999999999991E-07, 0.1119365, 569.598426784753, 111.9365
DataValue, 0.51360000000000006, 0.001, 9.0068800000000011E-10, 5.17068E-07, 0.11194100000000001, 574.081146856625, 111.941
DataValue, 0.5157, 0.001, 9.66599E-10, 5.60271E-07, 0.11193750000000001, 579.63126384364193, 111.9375
DataValue, 0.5178, 0.001, 1.0391999999999999E-09, 6.0725499999999991E-07, 0.11194200000000001, 584.348537336413, 111.94200000000001
DataValue, 0.5199, 0.001, 1.1174E-09, 6.58053E-07, 0.11194100000000001, 588.91444424556994, 111.941
DataValue, 0.522, 0.001, 1.20077E-09, 7.12217E-07, 0.11194100000000001, 593.133572624233, 111.941
DataValue, 0.5241, 0.001, 1.29019E-09, 7.7205599999999994E-07, 0.11193750000000001, 598.40488610204693, 111.9375
DataValue, 0.5262, 0.001, 1.38693E-09, 8.3641099999999993E-07, 0.1119395, 603.066484970402, 111.9395
DataValue, 0.5283000000000001, 0.001, 1.49334E-09, 9.0618599999999993E-07, 0.11194200000000001, 606.818273132709, 111.94200000000001
DataValue, 0.53040000000000009, 0.001, 1.60578E-09, 9.8175E-07, 0.11193850000000001, 611.385121249486, 111.9385
DataValue, 0.53250000000000008, 0.001, 1.72868E-09, 1.06483E-06, 0.1119365, 615.978665802809, 111.9365
DataValue, 0.53460000000000008, 0.001, 1.8591200000000003E-09, 1.1529E-06, 0.111934, 620.13210551228508, 111.934
DataValue, 0.53670000000000007, 0.001, 1.99573E-09, 1.2456799999999999E-06, 0.1119405, 624.172608519188, 111.9405
DataValue, 0.53880000000000006, 0.001, 2.14911E-09, 1.3485899999999998E-06, 0.1119365, 627.510923126317, 111.9365
DataValue, 0.5409, 0.001, 2.31407E-09, 1.46167E-06, 0.11193750000000001, 631.64467799159092, 111.9375
DataValue, 0.543, 0.001, 2.4908500000000003E-09, 1.58359E-06, 0.11193550000000002, 635.762892185398, 111.9355
DataValue, 0.5451, 0.001, 2.68162E-09, 1.7151299999999999E-06, 0.11193550000000002, 639.587264414794, 111.9355
DataValue, 0.5472, 0.001, 2.8906700000000003E-09, 1.8588199999999998E-06, 0.1119365, 643.041232655405, 111.9365
DataValue, 0.5493, 0.001, 3.11469E-09, 2.0129800000000003E-06, 0.11193550000000002, 646.285826197792, 111.9355
DataValue, 0.5514, 0.001, 3.35455E-09, 2.18166E-06, 0.1119395, 650.358468348959, 111.9395
DataValue, 0.5535, 0.001, 3.61468E-09, 2.36316E-06, 0.11193750000000001, 653.767415096219, 111.9375
DataValue, 0.5556, 0.001, 3.89569E-09, 2.5603E-06, 0.111931, 657.21348464585208, 111.931
DataValue, 0.5577, 0.001, 4.20035E-09, 2.77388E-06, 0.1119405, 660.392586332091, 111.9405
DataValue, 0.5598, 0.001, 4.526760000000001E-09, 3.0039299999999997E-06, 0.11193700000000001, 663.593828698672, 111.937
DataValue, 0.5619, 0.001, 4.8792900000000008E-09, 3.2541399999999997E-06, 0.1119345, 666.928999915971, 111.9345
DataValue, 0.564, 0.001, 5.2626000000000004E-09, 3.52501E-06, 0.11193750000000001, 669.82290122753, 111.9375
DataValue, 0.56600000000000006, 0.001, 5.66271E-09, 3.8088099999999997E-06, 0.11193850000000001, 672.612583021204, 111.9385
DataValue, 0.5681, 0.001, 6.10715E-09, 4.12653E-06, 0.1119395, 675.688332528266, 111.9395
DataValue, 0.5702, 0.001, 6.58688E-09, 4.46929E-06, 0.11193550000000002, 678.513955013603, 111.9355
DataValue, 0.5723, 0.001, 7.1065600000000007E-09, 4.8418599999999991E-06, 0.11193700000000001, 681.32260896974, 111.937
DataValue, 0.5744, 0.001, 7.67178E-09, 5.2454299999999993E-06, 0.11194150000000001, 683.730503220895, 111.9415
DataValue, 0.5765, 0.001, 8.2769100000000014E-09, 5.6839399999999993E-06, 0.11193850000000001, 686.722460435114, 111.9385
DataValue, 0.5786, 0.001, 8.9287E-09, 6.1569499999999996E-06, 0.111936, 689.568470214029, 111.93599999999999
DataValue, 0.5807000000000001, 0.001, 9.6386900000000016E-09, 6.6687E-06, 0.111935, 691.867878311264, 111.935
DataValue, 0.5828000000000001, 0.001, 1.0405800000000001E-08, 7.2234499999999994E-06, 0.1119405, 694.175363739453, 111.9405
DataValue, 0.58490000000000009, 0.001, 1.123692E-08, 7.8263999999999985E-06, 0.11193550000000002, 696.489785457225, 111.9355
DataValue, 0.58700000000000008, 0.001, 1.2127600000000001E-08, 8.4841599999999981E-06, 0.11194599999999999, 699.57452422573306, 111.94599999999998
DataValue, 0.58910000000000007, 0.001, 1.30958E-08, 9.18666E-06, 0.111943, 701.496663052276, 111.943
DataValue, 0.59120000000000006, 0.001, 1.41435E-08, 9.94971E-06, 0.111947, 703.482871990667, 111.947
DataValue, 0.5933, 0.001, 1.5279700000000002E-08, 1.0781300000000001E-05, 0.11194200000000001, 705.596314063758, 111.94200000000001
DataValue, 0.5954, 0.001, 1.64928E-08, 1.16795E-05, 0.111943, 708.15749902988, 111.943
DataValue, 0.5975, 0.001, 1.78202E-08, 1.2653000000000002E-05, 0.1119465, 710.036924389176, 111.94649999999999
DataValue, 0.5996, 0.001, 1.92517E-08, 1.3703000000000003E-05, 0.111944, 711.781297236088, 111.944
DataValue, 0.60170000000000012, 0.001, 2.0797200000000002E-08, 1.4843800000000002E-05, 0.1119465, 713.74031119573806, 111.94649999999999
DataValue, 0.60380000000000011, 0.001, 2.2403400000000004E-08, 1.60334E-05, 0.1119475, 715.66815751180593, 111.9475
DataValue, 0.60590000000000011, 0.001, 2.42064E-08, 1.7368700000000002E-05, 0.111944, 717.525117324344, 111.944
DataValue, 0.6080000000000001, 0.001, 2.61604E-08, 1.88157E-05, 0.111947, 719.24358954756, 111.947
DataValue, 0.61010000000000009, 0.001, 2.8268399999999997E-08, 2.0380300000000002E-05, 0.11194550000000002, 720.956969619788, 111.94550000000001
DataValue, 0.61220000000000008, 0.001, 3.0547E-08, 2.20733E-05, 0.1119445, 722.601237437392, 111.9445
DataValue, 0.61430000000000007, 0.001, 3.30216E-08, 2.39168E-05, 0.11194150000000001, 724.27744264360308, 111.9415
DataValue, 0.61640000000000006, 0.001, 3.56913E-08, 2.59116E-05, 0.11194900000000002, 725.992048482403, 111.94900000000001
DataValue, 0.6185, 0.001, 3.8579E-08, 2.8063600000000004E-05, 0.11194200000000001, 727.432022602971, 111.94200000000001
DataValue, 0.6206, 0.001, 4.1703E-08, 3.0396800000000003E-05, 0.1119465, 728.88761000407692, 111.94649999999999
DataValue, 0.6227, 0.001, 4.5084900000000004E-08, 3.2926300000000004E-05, 0.11194, 730.317689514671, 111.94
DataValue, 0.6248, 0.001, 4.8741700000000004E-08, 3.5664900000000005E-05, 0.111943, 731.712271012296, 111.943
DataValue, 0.6269, 0.001, 5.26894E-08, 3.86358E-05, 0.111943, 733.27462449752693, 111.943
DataValue, 0.629, 0.001, 5.6969900000000008E-08, 4.18441E-05, 0.11194900000000002, 734.49488238526, 111.94900000000001
DataValue, 0.6311, 0.001, 6.16108E-08, 4.5322100000000004E-05, 0.1119465, 735.61940439014006, 111.94649999999999
DataValue, 0.6332, 0.001, 6.661E-08, 4.90842E-05, 0.111944, 736.88935595256, 111.944
DataValue, 0.6353, 0.001, 7.20141E-08, 5.31589E-05, 0.11194150000000001, 738.173496579142, 111.9415
DataValue, 0.6374, 0.001, 7.7873200000000009E-08, 5.7567800000000008E-05, 0.11194500000000002, 739.250473847229, 111.94500000000001
DataValue, 0.6395, 0.001, 8.42016E-08, 6.23528E-05, 0.111943, 740.51799490746, 111.943
DataValue, 0.64160000000000006, 0.001, 9.1062200000000009E-08, 6.7521400000000007E-05, 0.111943, 741.486588288005, 111.943
DataValue, 0.6437, 0.001, 9.84831E-08, 7.31229E-05, 0.1119475, 742.491859009312, 111.9475
DataValue, 0.6458, 0.001, 1.065255E-07, 7.918870000000001E-05, 0.111944, 743.37787665863993, 111.944
DataValue, 0.6479, 0.001, 1.1520499999999999E-07, 8.57678E-05, 0.11194200000000001, 744.47984028471, 111.94200000000001
DataValue, 0.65, 0.001, 1.24594E-07, 9.28648E-05, 0.1119435, 745.339261922725, 111.9435
DataValue, 0.6521, 0.001, 1.34741E-07, 0.00010057410000000001, 0.111947, 746.425364217276, 111.947
DataValue, 0.6542, 0.001, 1.45314E-07, 0.0001085852, 0.1119465, 747.245275747691, 111.94649999999999
DataValue, 0.6563, 0.001, 1.5708599999999998E-07, 0.000117584, 0.11194550000000002, 748.5326509046, 111.94550000000001
DataValue, 0.6584, 0.001, 1.6992599999999998E-07, 0.00012729900000000002, 0.111944, 749.143744924261, 111.944
DataValue, 0.66050000000000009, 0.001, 1.8376799999999998E-07, 0.000137801, 0.11194599999999999, 749.863958904706, 111.94599999999998
DataValue, 0.66260000000000008, 0.001, 1.98797E-07, 0.000149202, 0.111947, 750.524404291815, 111.947
DataValue, 0.66470000000000007, 0.001, 2.1502799999999999E-07, 0.000161543, 0.11194500000000002, 751.264951541195, 111.94500000000001
DataValue, 0.66680000000000006, 0.001, 2.3253099999999998E-07, 0.00017485900000000003, 0.1119475, 751.981456235943, 111.9475
DataValue, 0.6689, 0.001, 2.51498E-07, 0.000189283, 0.111944, 752.62228725476893, 111.944
DataValue, 0.671, 0.001, 2.71986E-07, 0.00020484900000000003, 0.1119495, 753.160089122234, 111.94949999999999
DataValue, 0.6731, 0.001, 2.9409999999999997E-07, 0.000221651, 0.111948, 753.658619517171, 111.94800000000001
DataValue, 0.6752, 0.001, 3.1803099999999997E-07, 0.00023990600000000002, 0.11194500000000002, 754.347846593571, 111.94500000000001
DataValue, 0.6773, 0.001, 3.43852E-07, 0.000259578, 0.111948, 754.911997021974, 111.94800000000001
DataValue, 0.6794, 0.001, 3.71825E-07, 0.000280897, 0.11194599999999999, 755.454851072413, 111.94599999999998
DataValue, 0.68150000000000011, 0.001, 4.0211199999999994E-07, 0.00030396700000000004, 0.11194900000000002, 755.926209613242, 111.94900000000001
DataValue, 0.6836000000000001, 0.001, 4.3475E-07, 0.000328829, 0.111948, 756.363427257044, 111.94800000000001
DataValue, 0.68570000000000009, 0.001, 4.7002699999999995E-07, 0.00035574900000000004, 0.1119495, 756.869286232493, 111.94949999999999
DataValue, 0.68780000000000008, 0.001, 5.08216E-07, 0.000384823, 0.1119495, 757.203629952619, 111.94949999999999
DataValue, 0.68990000000000007, 0.001, 5.49336E-07, 0.000416254, 0.11194900000000002, 757.74025368808907, 111.94900000000001
DataValue, 0.69200000000000006, 0.001, 5.93916E-07, 0.000450101, 0.11195050000000001, 757.852962371783, 111.95049999999999
DataValue, 0.6941, 0.001, 6.4185399999999995E-07, 0.00048676000000000004, 0.11195050000000001, 758.365609624619, 111.95049999999999
DataValue, 0.6962, 0.001, 6.91697E-07, 0.000524703, 0.111954, 758.573479428131, 111.954
DataValue, 0.6983, 0.001, 7.47513E-07, 0.000567276, 0.1119475, 758.884460872252, 111.9475
DataValue, 0.7004, 0.001, 8.0769699999999993E-07, 0.00061310500000000007, 0.11195200000000001, 759.077971070835, 111.95200000000001
DataValue, 0.70250000000000012, 0.001, 8.72687E-07, 0.000662651, 0.11195250000000001, 759.322643742831, 111.95250000000002
DataValue, 0.70460000000000012, 0.001, 9.4258799999999986E-07, 0.000715999, 0.11195200000000001, 759.609712833179, 111.95200000000001
DataValue, 0.70670000000000011, 0.001, 1.018194E-06, 0.00077347200000000009, 0.11195550000000001, 759.650911319454, 111.9555
DataValue, 0.7088000000000001, 0.001, 1.0994799999999999E-06, 0.000835431, 0.11195550000000001, 759.841925273766, 111.9555
DataValue, 0.71090000000000009, 0.001, 1.18689E-06, 0.00090225100000000007, 0.11195050000000001, 760.180808668032, 111.95049999999999
DataValue, 0.71300000000000008, 0.001, 1.2816399999999998E-06, 0.00097395400000000007, 0.111954, 759.927904871883, 111.954
DataValue, 0.71510000000000007, 0.001, 1.38341E-06, 0.001051379, 0.11195550000000001, 759.990892071042, 111.9555
DataValue, 0.71720000000000006, 0.001, 1.4922999999999999E-06, 0.00113486, 0.11195600000000001, 760.477115861422, 111.95600000000002
DataValue, 0.7193, 0.001, 1.61037E-06, 0.00122431, 0.11196250000000002, 760.266274210275, 111.9625
DataValue, 0.7214, 0.001, 1.73714E-06, 0.00132055, 0.111954, 760.186283201124, 111.954
DataValue, 0.7235, 0.001, 1.8727999999999999E-06, 0.0014237800000000001, 0.11195850000000002, 760.241349850491, 111.9585
DataValue, 0.7256, 0.001, 2.0192499999999998E-06, 0.00153468, 0.11196400000000001, 760.024761668937, 111.964
DataValue, 0.7277, 0.001, 2.1759599999999997E-06, 0.00165367, 0.11196600000000001, 759.97260979062094, 111.96600000000001
DataValue, 0.7298, 0.001, 2.34472E-06, 0.00178133, 0.1119665, 759.719710669078, 111.9665
DataValue, 0.7319, 0.001, 2.5251E-06, 0.00191786, 0.111967, 759.51843491346892, 111.967
DataValue, 0.734, 0.001, 2.71835E-06, 0.0020640000000000003, 0.1119755, 759.284124560855, 111.97550000000001
DataValue, 0.7360000000000001, 0.001, 2.91046E-06, 0.0022088100000000003, 0.1119715, 758.921270177223, 111.9715
DataValue, 0.73810000000000009, 0.001, 3.13108E-06, 0.00237583, 0.11197600000000002, 758.789299538818, 111.97600000000001
DataValue, 0.74020000000000008, 0.001, 3.3668999999999995E-06, 0.00255389, 0.111981, 758.528616828537, 111.981
DataValue, 0.74230000000000007, 0.001, 3.6187999999999996E-06, 0.00274361, 0.11198300000000001, 758.154636896209, 111.983
DataValue, 0.74440000000000006, 0.001, 3.88807E-06, 0.00294605, 0.11198600000000002, 757.71526747203609, 111.986
DataValue, 0.7465, 0.001, 4.17507E-06, 0.00316175, 0.111989, 757.292692098576, 111.989
DataValue, 0.7486, 0.001, 4.48127E-06, 0.00339167, 0.11199500000000001, 756.854641652924, 111.995
DataValue, 0.7507, 0.001, 4.8062199999999995E-06, 0.00363556, 0.111997, 756.42812855008708, 111.99699999999999
DataValue, 0.7528, 0.001, 5.15304E-06, 0.00389498, 0.11200399999999999, 755.86061819819, 112.00399999999999
DataValue, 0.75490000000000013, 0.001, 5.52086E-06, 0.0041704, 0.11200550000000001, 755.38955887307407, 112.0055
DataValue, 0.75700000000000012, 0.001, 5.9125E-06, 0.00446269, 0.112012, 754.789006342495, 112.012
DataValue, 0.75910000000000011, 0.001, 6.32717E-06, 0.00477171, 0.112014, 754.161813259324, 112.014
DataValue, 0.7612000000000001, 0.001, 6.76745E-06, 0.0050985699999999993, 0.11202250000000001, 753.396035434322, 112.02250000000001
DataValue, 0.76330000000000009, 0.001, 7.23153E-06, 0.00544403, 0.112028, 752.818559834502, 112.02799999999999
DataValue, 0.76540000000000008, 0.001, 7.72187E-06, 0.00580834, 0.11203099999999999, 752.193445370098, 112.03099999999999
DataValue, 0.76750000000000007, 0.001, 8.2227999999999986E-06, 0.0061783, 0.112038, 751.362066449385, 112.038
DataValue, 0.76960000000000006, 0.001, 8.76379E-06, 0.0065778600000000005, 0.11204000000000002, 750.57252627002708, 112.04
DataValue, 0.7717, 0.001, 9.3391099999999991E-06, 0.0070016600000000007, 0.112052, 749.71383782823, 112.05199999999999
DataValue, 0.7738, 0.001, 9.94199E-06, 0.00744543, 0.1120565, 748.88729519945207, 112.0565
DataValue, 0.7759, 0.001, 1.0575940000000001E-05, 0.0079115900000000013, 0.11206400000000001, 748.074402842679, 112.06400000000001
DataValue, 0.778, 0.001, 1.1244060000000002E-05, 0.00840003, 0.11207600000000001, 747.063783010763, 112.076
DataValue, 0.7801, 0.001, 1.19433E-05, 0.0089114, 0.112082, 746.14218850736393, 112.082
DataValue, 0.7822, 0.001, 1.26785E-05, 0.00944294, 0.112093, 744.79946365895, 112.093
DataValue, 0.7843, 0.001, 1.3441600000000002E-05, 0.0099977900000000012, 0.11210150000000002, 743.79463754315, 112.10150000000002
DataValue, 0.7864, 0.001, 1.4240600000000002E-05, 0.01057622, 0.1121095, 742.68078592194092, 112.1095
DataValue, 0.7885, 0.001, 1.50707E-05, 0.011176489999999999, 0.11212150000000001, 741.60390691872294, 112.12150000000001
DataValue, 0.7906, 0.001, 1.5928600000000002E-05, 0.0117984, 0.1121335, 740.705397837851, 112.1335
DataValue, 0.7927, 0.001, 1.68316E-05, 0.0124458, 0.11215, 739.430594833527, 112.14999999999999
DataValue, 0.79480000000000006, 0.001, 1.77727E-05, 0.0131175, 0.11215649999999999, 738.070186296961, 112.1565
DataValue, 0.7969, 0.001, 1.87467E-05, 0.013812199999999998, 0.1121665, 736.780340006508, 112.16649999999999
DataValue, 0.799, 0.001, 1.9754600000000002E-05, 0.0145296, 0.1121805, 735.50464195681, 112.1805
DataValue, 0.80109999999999992, 0.001, 2.0797500000000005E-05, 0.015269600000000001, 0.11218850000000001, 734.20363024402, 112.1885
DataValue, 0.8032, 0.001, 2.18828E-05, 0.0160341, 0.11220550000000001, 732.726159358035, 112.2055
DataValue, 0.80530000000000013, 0.001, 2.30022E-05, 0.016819900000000002, 0.11221550000000001, 731.230056255489, 112.2155
DataValue, 0.8074, 0.001, 2.4154100000000003E-05, 0.0176246, 0.11223250000000001, 729.673223179502, 112.2325
DataValue, 0.80950000000000011, 0.001, 2.5302400000000004E-05, 0.0184257, 0.1122385, 728.219457442772, 112.2385
DataValue, 0.8116, 0.001, 2.6526200000000004E-05, 0.019275, 0.112253, 726.640076603509, 112.253
DataValue, 0.81370000000000009, 0.001, 2.7792400000000005E-05, 0.020146400000000002, 0.1122665, 724.888818525928, 112.26650000000001
DataValue, 0.8158, 0.001, 2.9093200000000005E-05, 0.021040299999999998, 0.11228250000000001, 723.203360235381, 112.2825
DataValue, 0.81790000000000007, 0.001, 2.9997E-05, 0.0216485, 0.1122925, 721.68883555022194, 112.29249999999999
DataValue, 0.82, 0.001, 2.99973E-05, 0.0216446, 0.112289, 721.551606311235, 112.28899999999999
DataValue, 0.82, 0.001, 2.99972E-05, 0.0216424, 0.1122885, 721.480671529343, 112.28849999999999
DataValue, 0.81790000000000007, 0.001, 2.99972E-05, 0.0216341, 0.11229050000000002, 721.203979038044, 112.29050000000001
DataValue, 0.8158, 0.001, 2.91979E-05, 0.0210867, 0.112285, 722.199199257481, 112.285
DataValue, 0.81370000000000009, 0.001, 2.7925E-05, 0.0202103, 0.11226799999999999, 723.735004476276, 112.26799999999999
DataValue, 0.8116, 0.001, 2.6689900000000003E-05, 0.0193522, 0.11225600000000001, 725.075777728654, 112.256
DataValue, 0.80950000000000011, 0.001, 2.5476200000000005E-05, 0.0185123, 0.11224200000000001, 726.65075639224, 112.24199999999999
DataValue, 0.8074, 0.001, 2.4344600000000004E-05, 0.017721400000000002, 0.11223300000000001, 727.939666291498, 112.233
DataValue, 0.80530000000000013, 0.001, 2.3201800000000002E-05, 0.0169224, 0.1122175, 729.357205044436, 112.21749999999999
DataValue, 0.8032, 0.001, 2.2089200000000002E-05, 0.016142300000000002, 0.1122085, 730.777936729261, 112.2085
DataValue, 0.80109999999999992, 0.001, 2.10167E-05, 0.0153822, 0.112191, 731.903676600037, 112.191
DataValue, 0.799, 0.001, 1.9975900000000003E-05, 0.014644500000000001, 0.112182, 733.108395616718, 112.182
DataValue, 0.7969, 0.001, 1.89676E-05, 0.0139301, 0.11216900000000002, 734.415529640018, 112.16900000000001
DataValue, 0.79480000000000006, 0.001, 1.79881E-05, 0.0132351, 0.1121595, 735.76975889615892, 112.1595
DataValue, 0.7927, 0.001, 1.7049700000000004E-05, 0.0125627, 0.1121505, 736.82821398617, 112.1505
DataValue, 0.7906, 0.001, 1.61439E-05, 0.0119144, 0.1121375, 738.012500077429, 112.1375
DataValue, 0.7885, 0.001, 1.5272600000000003E-05, 0.0112897, 0.11213100000000001, 739.212707724945, 112.131
DataValue, 0.7864, 0.001, 1.44377E-05, 0.010688500000000002, 0.11211850000000001, 740.318748831185, 112.11850000000001
DataValue, 0.7843, 0.001, 1.36316E-05, 0.0101069, 0.1121145, 741.431673464597, 112.1145
DataValue, 0.7822, 0.001, 1.2858600000000001E-05, 0.0095474599999999989, 0.112093, 742.49607266732, 112.093
DataValue, 0.7801, 0.001, 1.21223E-05, 0.00901123, 0.11208499999999999, 743.359758461678, 112.085
DataValue, 0.778, 0.001, 1.1418200000000002E-05, 0.00849792, 0.11207800000000001, 744.243400886304, 112.07800000000002
DataValue, 0.7759, 0.001, 1.0742600000000001E-05, 0.00800614, 0.11206700000000001, 745.270232532162, 112.06700000000001
DataValue, 0.7738, 0.001, 1.00989E-05, 0.0075360500000000007, 0.11206, 746.22483636831691, 112.06
DataValue, 0.7717, 0.001, 9.48657E-06, 0.0070875700000000005, 0.1120515, 747.11618635608, 112.05149999999999
DataValue, 0.76960000000000006, 0.001, 8.9022199999999989E-06, 0.0066599300000000005, 0.11204650000000001, 748.120131832285, 112.04650000000001
DataValue, 0.76750000000000007, 0.001, 8.35443E-06, 0.00625646, 0.1120385, 748.879337070273, 112.0385
DataValue, 0.76540000000000008, 0.001, 7.8467999999999991E-06, 0.00588228, 0.112032, 749.640617831473, 112.032
DataValue, 0.76330000000000009, 0.001, 7.34656E-06, 0.00551307, 0.112028, 750.428772105584, 112.02799999999999
DataValue, 0.7612000000000001, 0.001, 6.8746499999999995E-06, 0.00516388, 0.1120215, 751.14805844661191, 112.0215
DataValue, 0.75910000000000011, 0.001, 6.42715E-06, 0.0048329, 0.1120155, 751.95070910123491, 112.0155
DataValue, 0.75700000000000012, 0.001, 6.0050399999999995E-06, 0.00451947, 0.11201350000000002, 752.61280524359609, 112.01350000000001
DataValue, 0.75490000000000013, 0.001, 5.60721E-06, 0.00422366, 0.11200550000000001, 753.255183950664, 112.0055
DataValue, 0.7528, 0.001, 5.23224E-06, 0.0039449, 0.11200650000000001, 753.960062994052, 112.0065
DataValue, 0.7507, 0.001, 4.8792999999999992E-06, 0.00368185, 0.1120005, 754.585698768266, 112.00049999999999
DataValue, 0.7486, 0.001, 4.54838E-06, 0.0034343, 0.11199300000000001, 755.060043356096, 111.99300000000001
DataValue, 0.7465, 0.001, 4.2372E-06, 0.00320155, 0.11199200000000001, 755.581516095535, 111.992
DataValue, 0.74440000000000006, 0.001, 3.94596E-06, 0.00298236, 0.111987, 755.800869750327, 111.987
DataValue, 0.74230000000000007, 0.001, 3.67065E-06, 0.00277698, 0.11198550000000002, 756.536308283274, 111.9855
DataValue, 0.74020000000000008, 0.001, 3.41457E-06, 0.00258433, 0.11198150000000001, 756.853718037703, 111.9815
DataValue, 0.73810000000000009, 0.001, 3.1745E-06, 0.00240382, 0.11198300000000001, 757.227909907072, 111.983
DataValue, 0.7360000000000001, 0.001, 2.95014E-06, 0.00223499, 0.1119735, 757.5877754954, 111.97349999999999
DataValue, 0.734, 0.001, 2.75535E-06, 0.00208821, 0.111977, 757.874680167674, 111.97699999999999
DataValue, 0.7319, 0.001, 2.5590199999999997E-06, 0.0019398100000000002, 0.11197250000000002, 758.028464021383, 111.97250000000001
DataValue, 0.7298, 0.001, 2.37521E-06, 0.00180144, 0.1119735, 758.43399109973393, 111.97349999999999
DataValue, 0.7277, 0.001, 2.20413E-06, 0.00167208, 0.11196900000000001, 758.612241564699, 111.96900000000001
DataValue, 0.7256, 0.001, 2.0446300000000003E-06, 0.00155141, 0.11196550000000001, 758.772980930535, 111.9655
DataValue, 0.7235, 0.001, 1.8960999999999997E-06, 0.00143913, 0.1119665, 758.99477875639491, 111.9665
DataValue, 0.7214, 0.001, 1.75793E-06, 0.00133456, 0.111961, 759.165609552144, 111.961
DataValue, 0.7193, 0.001, 1.6296699999999999E-06, 0.00123715, 0.11196450000000001, 759.141421269337, 111.9645
DataValue, 0.71720000000000006, 0.001, 1.50991E-06, 0.0011463699999999999, 0.11195900000000002, 759.23068262346794, 111.959
DataValue, 0.71510000000000007, 0.001, 1.3989100000000001E-06, 0.001062, 0.11196250000000002, 759.162490796406, 111.9625
DataValue, 0.71300000000000008, 0.001, 1.29597E-06, 0.00098398000000000018, 0.11195850000000002, 759.261402655926, 111.9585
DataValue, 0.71090000000000009, 0.001, 1.20035E-06, 0.000911005, 0.111957, 758.949473070354, 111.957
DataValue, 0.7088000000000001, 0.001, 1.1112999999999999E-06, 0.00084343800000000017, 0.111954, 758.965175920094, 111.954
DataValue, 0.70670000000000011, 0.001, 1.0290399999999999E-06, 0.000780849, 0.11195550000000001, 758.813068491021, 111.9555
DataValue, 0.70460000000000012, 0.001, 9.52266E-07, 0.000722488, 0.11195900000000002, 758.703975569851, 111.959
DataValue, 0.70250000000000012, 0.001, 8.81445E-07, 0.000668624, 0.11195949999999999, 758.554419163986, 111.95949999999999
DataValue, 0.7004, 0.001, 8.1571099999999986E-07, 0.000618561, 0.11195600000000001, 758.309008950474, 111.95600000000002
DataValue, 0.6983, 0.001, 7.5452299999999993E-07, 0.000572131, 0.1119565, 758.26846895323308, 111.95649999999999
DataValue, 0.6962, 0.001, 6.98092E-07, 0.000529235, 0.1119575, 758.116408725497, 111.9575
DataValue, 0.6941, 0.001, 6.47765E-07, 0.00049085400000000009, 0.111954, 757.76554769090694, 111.954
DataValue, 0.69200000000000006, 0.001, 5.99179E-07, 0.00045383699999999996, 0.111954, 757.431418657864, 111.954
DataValue, 0.68990000000000007, 0.001, 5.54282E-07, 0.000419644, 0.111954, 757.0947640370789, 111.954
DataValue, 0.68780000000000008, 0.001, 5.1257599999999994E-07, 0.000387884, 0.111953, 756.734611062555, 111.95299999999999
DataValue, 0.68570000000000009, 0.001, 4.7404200000000003E-07, 0.00035855, 0.1119565, 756.367579244033, 111.95649999999999
DataValue, 0.6836000000000001, 0.001, 4.3829799999999995E-07, 0.000331368, 0.1119495, 756.033566203816, 111.94949999999999
DataValue, 0.68150000000000011, 0.001, 4.0529599999999995E-07, 0.000306252, 0.111954, 755.62551813982907, 111.954
DataValue, 0.6794, 0.001, 3.74725E-07, 0.00028297, 0.11195100000000001, 755.140436319968, 111.951
DataValue, 0.6773, 0.001, 3.46498E-07, 0.000261451, 0.1119485, 754.552695830856, 111.94850000000001
DataValue, 0.6752, 0.001, 3.20418E-07, 0.00024163899999999998, 0.1119475, 754.136783826127, 111.9475
DataValue, 0.6731, 0.001, 2.96241E-07, 0.000223245, 0.11194900000000002, 753.592514202963, 111.94900000000001
DataValue, 0.671, 0.001, 2.73956E-07, 0.00020628700000000004, 0.11195, 752.993181386792, 111.94999999999999
DataValue, 0.6689, 0.001, 2.53253E-07, 0.000190549, 0.1119495, 752.40569706972906, 111.94949999999999
DataValue, 0.66680000000000006, 0.001, 2.3413499999999997E-07, 0.000176026, 0.1119535, 751.81412432998093, 111.95349999999999
DataValue, 0.66470000000000007, 0.001, 2.16477E-07, 0.000162601, 0.1119475, 751.123675956337, 111.9475
DataValue, 0.66260000000000008, 0.001, 2.0013399999999998E-07, 0.000150183, 0.11195150000000001, 750.412223810047, 111.95150000000001
DataValue, 0.66050000000000009, 0.001, 1.8499699999999997E-07, 0.00013870100000000003, 0.11195, 749.747293199349, 111.94999999999999
DataValue, 0.6584, 0.001, 1.7102099999999998E-07, 0.000128095, 0.111948, 749.001584600722, 111.94800000000001
DataValue, 0.6563, 0.001, 1.58146E-07, 0.00011831400000000002, 0.111947, 748.131473448586, 111.947
DataValue, 0.6542, 0.001, 1.4618699999999998E-07, 0.00010926700000000001, 0.11195, 747.446763392094, 111.94999999999999
DataValue, 0.6521, 0.001, 1.3557E-07, 0.00010119400000000001, 0.1119475, 746.433576750018, 111.9475
DataValue, 0.65, 0.001, 1.2531799999999998E-07, 9.3479E-05, 0.1119435, 745.934343031328, 111.9435
DataValue, 0.6479, 0.001, 1.1586799999999999E-07, 8.62486E-05, 0.11195050000000001, 744.369454896952, 111.95049999999999
DataValue, 0.6458, 0.001, 1.0711900000000001E-07, 7.9640000000000017E-05, 0.11194599999999999, 743.472213146127, 111.94599999999998
DataValue, 0.6437, 0.001, 9.9031199999999993E-08, 7.35403E-05, 0.11195, 742.597282472594, 111.94999999999999
DataValue, 0.64160000000000006, 0.001, 9.1567100000000007E-08, 6.78994E-05, 0.1119495, 741.52615950488791, 111.94949999999999
DataValue, 0.6395, 0.001, 8.46573E-08, 6.2700500000000014E-05, 0.11194900000000002, 740.63902345102, 111.94900000000001
DataValue, 0.6374, 0.001, 7.82956E-08, 5.7884500000000005E-05, 0.111943, 739.307189676048, 111.943
DataValue, 0.6353, 0.001, 7.23844E-08, 5.34429E-05, 0.111948, 738.320687883024, 111.94800000000001
DataValue, 0.6332, 0.001, 6.69366E-08, 4.9350300000000008E-05, 0.11195, 737.26929661799409, 111.94999999999999
DataValue, 0.6311, 0.001, 6.19061E-08, 4.5560200000000005E-05, 0.11194900000000002, 735.956553554496, 111.94900000000001
DataValue, 0.629, 0.001, 5.72507E-08, 4.2059300000000006E-05, 0.1119465, 734.651279373003, 111.94649999999999
DataValue, 0.6269, 0.001, 5.2964599999999996E-08, 3.8832200000000004E-05, 0.11195, 733.17272291303993, 111.94999999999999
DataValue, 0.6248, 0.001, 4.8987100000000006E-08, 3.5848200000000007E-05, 0.111947, 731.788572910011, 111.947
DataValue, 0.6227, 0.001, 4.53022E-08, 3.30894E-05, 0.11194550000000002, 730.41485843954592, 111.94550000000001
DataValue, 0.6206, 0.001, 4.19013E-08, 3.0544400000000005E-05, 0.1119475, 728.960676637718, 111.9475
DataValue, 0.6185, 0.001, 3.8757E-08, 2.8198900000000002E-05, 0.11195, 727.582114198726, 111.94999999999999
DataValue, 0.61640000000000006, 0.001, 3.58618E-08, 2.6034000000000005E-05, 0.1119495, 725.95352157448906, 111.94949999999999
DataValue, 0.61430000000000007, 0.001, 3.3176199999999996E-08, 2.4033500000000003E-05, 0.111948, 724.41991548158, 111.94800000000001
DataValue, 0.61220000000000008, 0.001, 3.06889E-08, 2.21805E-05, 0.11194900000000002, 722.753177859096, 111.94900000000001
DataValue, 0.61010000000000009, 0.001, 2.8396400000000003E-08, 2.0472700000000005E-05, 0.111948, 720.961107746052, 111.94800000000001
DataValue, 0.6080000000000001, 0.001, 2.62751E-08, 1.89017E-05, 0.111947, 719.376900563652, 111.947
DataValue, 0.60590000000000011, 0.001, 2.4316499999999998E-08, 1.74519E-05, 0.1119435, 717.697859478132, 111.9435
DataValue, 0.60380000000000011, 0.001, 2.2504200000000002E-08, 1.61056E-05, 0.1119465, 715.670852551968, 111.94649999999999
DataValue, 0.60170000000000012, 0.001, 2.08801E-08, 1.4909300000000001E-05, 0.1119405, 714.043515117265, 111.9405
DataValue, 0.5996, 0.001, 1.93277E-08, 1.3762200000000002E-05, 0.11194550000000002, 712.045406333915, 111.94550000000001
DataValue, 0.5975, 0.001, 1.78954E-08, 1.2704100000000001E-05, 0.111943, 709.908691619075, 111.943
DataValue, 0.5954, 0.001, 1.65658E-08, 1.17266E-05, 0.11194500000000002, 707.880090306535, 111.94500000000001
DataValue, 0.5933, 0.001, 1.53372E-08, 1.0826100000000001E-05, 0.111944, 705.871997496284, 111.944
DataValue, 0.59120000000000006, 0.001, 1.4199600000000001E-08, 9.99149E-06, 0.11194550000000002, 703.645877348658, 111.94550000000001
DataValue, 0.58910000000000007, 0.001, 1.31511E-08, 9.22376E-06, 0.1119485, 701.367946407525, 111.94850000000001
DataValue, 0.58700000000000008, 0.001, 1.21772E-08, 8.51572E-06, 0.111947, 699.316755904477, 111.947
DataValue, 0.58490000000000009, 0.001, 1.1277900000000001E-08, 7.8602299999999984E-06, 0.111943, 696.958653650059, 111.943
DataValue, 0.5828000000000001, 0.001, 1.04456E-08, 7.25468E-06, 0.1119475, 694.52018074595992, 111.9475
DataValue, 0.5807000000000001, 0.001, 9.676E-09, 6.6959799999999994E-06, 0.1119445, 692.019429516329, 111.9445
DataValue, 0.5786, 0.001, 8.96318E-09, 6.17887E-06, 0.1119405, 689.361365051243, 111.9405
DataValue, 0.5765, 0.001, 8.30472E-09, 5.7041999999999995E-06, 0.11193800000000001, 686.862410773632, 111.938
DataValue, 0.5744, 0.001, 7.6951900000000014E-09, 5.265729999999999E-06, 0.1119395, 684.28849710013594, 111.9395
DataValue, 0.5723, 0.001, 7.13322E-09, 4.85979E-06, 0.1119395, 681.289796193024, 111.9395
DataValue, 0.5702, 0.001, 6.6091400000000006E-09, 4.48603E-06, 0.11194100000000001, 678.761533270592, 111.941
DataValue, 0.5681, 0.001, 6.1252600000000004E-09, 4.14008E-06, 0.11193700000000001, 675.90273718993194, 111.937
DataValue, 0.56600000000000006, 0.001, 5.68041E-09, 3.82128E-06, 0.11194550000000002, 672.712004943305, 111.94550000000001
DataValue, 0.564, 0.001, 5.27936E-09, 3.53794E-06, 0.11194200000000001, 670.14562371196507, 111.94200000000001
DataValue, 0.5619, 0.001, 4.8959300000000005E-09, 3.2652899999999996E-06, 0.1119395, 666.939682552651, 111.9395
DataValue, 0.5598, 0.001, 4.53937E-09, 3.0125999999999998E-06, 0.11193850000000001, 663.660375779018, 111.9385
DataValue, 0.5577, 0.001, 4.21149E-09, 2.7816299999999997E-06, 0.11194200000000001, 660.485956276757, 111.94200000000001
DataValue, 0.5556, 0.001, 3.90888E-09, 2.56977E-06, 0.1119395, 657.418493276847, 111.9395
DataValue, 0.5535, 0.001, 3.6257000000000004E-09, 2.3689900000000003E-06, 0.111936, 653.38831122266, 111.93599999999999
DataValue, 0.5514, 0.001, 3.3633600000000003E-09, 2.1877300000000002E-06, 0.1119365, 650.459659388231, 111.9365
DataValue, 0.5493, 0.001, 3.12167E-09, 2.01914E-06, 0.11194100000000001, 646.814045046402, 111.941
DataValue, 0.5472, 0.001, 2.8984600000000003E-09, 1.8649899999999999E-06, 0.1119435, 643.441689724888, 111.9435
DataValue, 0.5451, 0.001, 2.69033E-09, 1.71934E-06, 0.11193800000000001, 639.081450974416, 111.938
DataValue, 0.543, 0.001, 2.4964300000000002E-09, 1.58813E-06, 0.11193900000000001, 636.160437104185, 111.93900000000001
DataValue, 0.5409, 0.001, 2.3186900000000004E-09, 1.46581E-06, 0.11193750000000001, 632.171614144193, 111.9375
DataValue, 0.53880000000000006, 0.001, 2.1548400000000004E-09, 1.3527E-06, 0.11193700000000001, 627.749624102021, 111.937
DataValue, 0.53670000000000007, 0.001, 2.00221E-09, 1.24946E-06, 0.1119435, 624.040435318973, 111.9435
DataValue, 0.53460000000000008, 0.001, 1.86325E-09, 1.15517E-06, 0.1119365, 619.97584865155, 111.9365
DataValue, 0.53250000000000008, 0.001, 1.73084E-09, 1.06665E-06, 0.11193800000000001, 616.261468419958, 111.938
DataValue, 0.53040000000000009, 0.001, 1.60812E-09, 9.98634E-07, 0.111948, 620.99470188791906, 111.94800000000001
DataValue, 0.5283000000000001, 0.001, 1.49667E-09, 9.08374E-07, 0.111944, 606.930051380732, 111.944
DataValue, 0.5262, 0.001, 1.39073E-09, 8.3835599999999983E-07, 0.111944, 602.81722548589607, 111.944
DataValue, 0.5241, 0.001, 1.29419E-09, 7.7334899999999995E-07, 0.1119425, 597.554454910021, 111.9425
DataValue, 0.522, 0.001, 1.20432E-09, 7.1419499999999994E-07, 0.1119425, 593.027600637704, 111.9425
DataValue, 0.5199, 0.001, 1.1196200000000001E-09, 6.59166E-07, 0.11194, 588.740822779157, 111.94
DataValue, 0.5178, 0.001, 1.0411100000000001E-09, 6.08262E-07, 0.11194100000000001, 584.24373985457794, 111.941
DataValue, 0.5157, 0.001, 9.6874800000000018E-10, 5.61359E-07, 0.11193850000000001, 579.46855116088, 111.9385
DataValue, 0.51360000000000006, 0.001, 9.0324100000000009E-10, 5.18088E-07, 0.111944, 573.587780005558, 111.944
DataValue, 0.51150000000000007, 0.001, 8.40535E-10, 4.78134E-07, 0.1119395, 568.844842867935, 111.9395
DataValue, 0.50940000000000007, 0.001, 7.82142E-10, 4.41478E-07, 0.1119405, 564.447376563335, 111.9405
DataValue, 0.50730000000000008, 0.001, 7.2890400000000007E-10, 4.0763199999999995E-07, 0.11193700000000001, 559.23962551995908, 111.937
DataValue, 0.5052, 0.001, 6.79962E-10, 3.7594599999999997E-07, 0.1119405, 552.892661648739, 111.9405
DataValue, 0.5031, 0.001, 6.3298600000000007E-10, 3.47146E-07, 0.11193700000000001, 548.42603153940206, 111.937
DataValue, 0.501, 0.001, 5.8845000000000007E-10, 3.20413E-07, 0.11193750000000001, 544.50335627496, 111.9375
DataValue, 0.4989, 0.001, 5.50458E-10, 2.9547699999999997E-07, 0.11193900000000001, 536.783914485756, 111.93900000000001
DataValue, 0.4968, 0.001, 5.14335E-10, 2.72949E-07, 0.1119365, 530.683309516171, 111.9365
DataValue, 0.49470000000000003, 0.001, 4.7797000000000006E-10, 2.51811E-07, 0.11193750000000001, 526.834320145616, 111.9375
DataValue, 0.49260000000000004, 0.001, 4.45963E-10, 2.32119E-07, 0.11194200000000001, 520.48936795205, 111.94200000000001
DataValue, 0.49050000000000005, 0.001, 4.1804300000000006E-10, 2.1454399999999997E-07, 0.1119405, 513.210363527197, 111.9405
DataValue, 0.48840000000000006, 0.001, 3.8910300000000006E-10, 1.97842E-07, 0.1119405, 508.456629735571, 111.9405
DataValue, 0.48630000000000007, 0.001, 3.6307200000000004E-10, 1.8257E-07, 0.11193750000000001, 502.84791997179605, 111.9375
DataValue, 0.48419999999999996, 0.001, 3.3938700000000003E-10, 1.6873E-07, 0.11193550000000002, 497.16105802520406, 111.9355
DataValue, 0.4821, 0.001, 3.18106E-10, 1.5550600000000002E-07, 0.11193700000000001, 488.849628740106, 111.937
DataValue, 0.48, 0.001, 2.97561E-10, 1.43692E-07, 0.1119365, 482.899304680385, 111.9365
